BEGIN_SCAN_DATA
	BEGIN_SCAN  1
		TASK_NAME=tba PDD Profiles
		PROGRAM=tbaScan
		MEAS_DATE=27-Jan-2023 18:05:22
		LINAC=RAPIDARC
		MODALITY=X
		ISOCENTER=1000.00
		INPLANE_AXIS=Y
		CROSSPLANE_AXIS=X
		DEPTH_AXIS=Depth
		INPLANE_AXIS_DIR=TARGET_GUN
		CROSSPLANE_AXIS_DIR=LEFT_RIGHT
		DEPTH_AXIS_DIR=UP_DOWN
		ENERGY=6.00
		NOMINAL_DMAX=15.00
		SSD=1000.00
		SCD=450.00
		BLOCK=0
		WEDGE_ANGLE=0.00
		FIELD_INPLANE=100.00
		FIELD_CROSSPLANE=100.00
		FIELD_TYPE=RECTANGULAR
		GANTRY=0.00
		GANTRY_UPRIGHT_POSITION=0
		GANTRY_ROTATION=CW
		COLL_ANGLE=0.00
		COLL_OFFSET_INPLANE=0.00
		COLL_OFFSET_CROSSPLANE=0.00
		SCAN_DEVICE=MP3
		SCAN_DEVICE_SETUP=BARA_RIGHT_LEFT
		ELECTROMETER=TANDEM
		RANGE_FIELD=AUTO
		RANGE_REFERENCE=AUTO
		DETECTOR=THIMBLE_CHAMBER
		DETECTOR_SUBCODE=SEMIFLEX
		DETECTOR_RADIUS=2.75
		DETECTOR_NAME=PTW 31010 Semiflex
		DETECTOR_SN=0000
		DETECTOR_CALIBRATION=300000000.00
		DETECTOR_IS_CALIBRATED=0
		DETECTOR_REFERENCE=THIMBLE_CHAMBER
		DETECTOR_REFERENCE_RADIUS=3.05
		DETECTOR_REFERENCE_NAME=PTW Demo Farmer
		DETECTOR_REFERENCE_SN=Demo
		DETECTOR_REFERENCE_IS_CALIBRATED=1
		DETECTOR_REFERENCE_CALIBRATION=50000000.00
		DETECTOR_HV=400.0
		FILTER=FF
		REF_FIELD_DEPTH=0.00
		REF_FIELD_DEFINED=WATER_SURFACE
		REF_FIELD_INPLANE=300.00
		REF_FIELD_CROSSPLANE=300.00
		REF_SCAN_POSITIONS=-200.00;-198.40;-196.00;-193.60;-191.20;-188.80;-186.40;-184.00;-181.60;-179.20;-176.80;-174.40;-172.00;-169.60;-167.20;-164.80;-162.40;-160.00;-159.80;-159.40;-159.00;-158.60;-158.20;-157.80;-157.40;-157.00;-156.60;-156.20;-155.80;-155.40;-155.00;-154.60;-154.20;-153.80;-153.40;-153.00;-152.60;-152.20;-151.80;-151.40;-151.00;-150.60;-150.20;-149.80;-149.40;-149.00;-148.60;-148.20;-147.80;-147.40;-147.00;-146.60;-146.20;-145.80;-145.40;-145.00;-144.60;-144.20;-143.80;-143.40;-143.00;-142.60;-142.20;-141.80;-141.40;-141.00;-140.60;-140.20;-139.80;-139.40;-139.00;-138.60;-138.20;-137.80;-137.40;-137.00;-136.60;-136.20;-135.80;-135.40;-135.00;-130.00;-125.00;-120.00;-115.00;-110.00;-105.00;-100.00;-95.00;-90.00;-85.00;-80.00;-75.00;-70.00;-65.00;-60.00;-55.00;-50.00;-45.00;-40.00;-35.00;-30.00;-25.00;-20.00;-15.00;-10.00;-5.00;0.00;5.00;10.00;15.00;20.00;25.00;30.00;35.00;40.00;45.00;50.00;55.00;60.00;65.00;70.00;75.00;80.00;85.00;90.00;95.00;100.00;105.00;110.00;115.00;120.00;125.00;130.00;135.00;135.40;135.80;136.20;136.60;137.00;137.40;137.80;138.20;138.60;139.00;139.40;139.80;140.20;140.60;141.00;141.40;141.80;142.20;142.60;143.00;143.40;143.80;144.20;144.60;145.00;145.40;145.80;146.20;146.60;147.00;147.40;147.80;148.20;148.60;149.00;149.40;149.80;150.20;150.60;151.00;151.40;151.80;152.20;152.60;153.00;153.40;153.80;154.20;154.60;155.00;155.40;155.80;156.20;156.60;157.00;157.40;157.80;158.20;158.60;159.00;159.40;159.80;160.00;162.40;164.80;167.20;169.60;172.00;174.40;176.80;179.20;181.60;184.00;186.40;188.80;191.20;193.60;196.00;198.40;200.00;
		REF_OVERSCAN_FACTOR=1.00
		SCAN_CURVETYPE=INPLANE_PROFILE
		SCAN_DEPTH=100.00
		SCAN_OFFAXIS_INPLANE=0.00
		SCAN_OFFAXIS_CROSSPLANE=0.00
		SCAN_ANGLE=0.00
		SCAN_DIAGONAL=NOT_DIAGONAL
		SCAN_DIRECTION=POSITIVE
		MEAS_MEDIUM=WATER
		MEAS_PRESET=TIME_PRESET
		MEAS_TIME=0.100
		MEAS_UNIT=Gy/min
		SCAN_SPEEDS=20.00; 8.00;40.00; 25.00;100.00; 40.00;400.00; 50.00;
		DELAY_TIMES=20.00; 0.000;150.00; 0.000;400.00; 0.000;
		PRESSURE=1013.25
		TEMPERATURE=20.00
		NORM_TEMPERATURE=20.00
		CORRECTION_FACTOR=1.0000
		EXPECTED_MAX_DOSE_RATE=4.00
		BEGIN_DATA
			

		END_DATA
	END_SCAN  1
	
END_SCAN_DATA
Detector ID	X Axis Position(cm)	Set 1
	-16.00	2.14500468	
	-15.50	2.34930442	
	-15.00	2.71156867	
	-14.50	3.08136886	
	-14.00	3.59115739	
	-13.50	4.13171924	
	-13.00	4.71889750	
	-12.50	5.62034832	
	-12.00	6.69617813	
	-11.50	7.94968628	
	-11.00	9.78861754	
	-10.50	15.24984752	
	-10.00	70.69265461	
	-9.50	94.85928412	
	-9.00	97.79163714	
	-8.50	98.84340049	
	-8.00	99.68505133	
	-7.50	100.32041030	
	-7.00	100.62440085	
	-6.50	100.78628237	
	-6.00	100.74104337	
	-5.50	100.89418868	
	-5.00	101.08698104	
	-4.50	100.83133405	
	-4.00	99.98047621	
	-3.50	100.26111329	
	-3.00	100.44781851	
	-2.50	100.40665651	
	-2.00	100.34736765	
	-1.50	100.38885587	
	-1.00	100.18821067	
	0.00	100.00000000	
	1.00	100.34968605	
	1.50	100.64266578	
	2.00	101.00570343	
	2.50	101.16714238	
	3.00	101.30837269	
	3.50	101.36790623	
	4.00	101.62472552	
	4.50	101.92694354	
	5.00	102.11739629	
	5.50	102.10213643	
	6.00	102.18272811	
	6.50	101.83985321	
	7.00	102.00442425	
	7.50	101.54896490	
	8.00	101.15346022	
	8.50	100.23519864	
	9.00	99.11819379	
	9.50	96.43296318	
	10.00	73.95891172	
	10.50	15.56597908	
	11.00	9.74331605	
	11.50	7.84605048	
	12.00	6.67586865	
	12.50	5.64691103	
	13.00	4.82073860	
	13.50	4.08708452	
	14.00	3.46260932	
	14.50	2.98021821	
	15.00	2.91591616	
	15.50	2.86294382	
	16.00	2.61209319	
