BEGIN_SCAN_DATA
	BEGIN_SCAN  1
		TASK_NAME=tba PDD Profiles
		PROGRAM=tbaScan
		MEAS_DATE=27-Jan-2023 18:05:22
		LINAC=RAPIDARC
		MODALITY=X
		ISOCENTER=1000.00
		INPLANE_AXIS=Y
		CROSSPLANE_AXIS=X
		DEPTH_AXIS=Depth
		INPLANE_AXIS_DIR=TARGET_GUN
		CROSSPLANE_AXIS_DIR=LEFT_RIGHT
		DEPTH_AXIS_DIR=UP_DOWN
		ENERGY=6.00
		NOMINAL_DMAX=15.00
		SSD=1000.00
		SCD=450.00
		BLOCK=0
		WEDGE_ANGLE=0.00
		FIELD_INPLANE=100.00
		FIELD_CROSSPLANE=100.00
		FIELD_TYPE=RECTANGULAR
		GANTRY=0.00
		GANTRY_UPRIGHT_POSITION=0
		GANTRY_ROTATION=CW
		COLL_ANGLE=0.00
		COLL_OFFSET_INPLANE=0.00
		COLL_OFFSET_CROSSPLANE=0.00
		SCAN_DEVICE=MP3
		SCAN_DEVICE_SETUP=BARA_RIGHT_LEFT
		ELECTROMETER=TANDEM
		RANGE_FIELD=AUTO
		RANGE_REFERENCE=AUTO
		DETECTOR=THIMBLE_CHAMBER
		DETECTOR_SUBCODE=SEMIFLEX
		DETECTOR_RADIUS=2.75
		DETECTOR_NAME=PTW 31010 Semiflex
		DETECTOR_SN=0000
		DETECTOR_CALIBRATION=300000000.00
		DETECTOR_IS_CALIBRATED=0
		DETECTOR_REFERENCE=THIMBLE_CHAMBER
		DETECTOR_REFERENCE_RADIUS=3.05
		DETECTOR_REFERENCE_NAME=PTW Demo Farmer
		DETECTOR_REFERENCE_SN=Demo
		DETECTOR_REFERENCE_IS_CALIBRATED=1
		DETECTOR_REFERENCE_CALIBRATION=50000000.00
		DETECTOR_HV=400.0
		FILTER=FF
		REF_FIELD_DEPTH=0.00
		REF_FIELD_DEFINED=WATER_SURFACE
		REF_FIELD_INPLANE=300.00
		REF_FIELD_CROSSPLANE=300.00
		REF_SCAN_POSITIONS=-200.00;-198.40;-196.00;-193.60;-191.20;-188.80;-186.40;-184.00;-181.60;-179.20;-176.80;-174.40;-172.00;-169.60;-167.20;-164.80;-162.40;-160.00;-159.80;-159.40;-159.00;-158.60;-158.20;-157.80;-157.40;-157.00;-156.60;-156.20;-155.80;-155.40;-155.00;-154.60;-154.20;-153.80;-153.40;-153.00;-152.60;-152.20;-151.80;-151.40;-151.00;-150.60;-150.20;-149.80;-149.40;-149.00;-148.60;-148.20;-147.80;-147.40;-147.00;-146.60;-146.20;-145.80;-145.40;-145.00;-144.60;-144.20;-143.80;-143.40;-143.00;-142.60;-142.20;-141.80;-141.40;-141.00;-140.60;-140.20;-139.80;-139.40;-139.00;-138.60;-138.20;-137.80;-137.40;-137.00;-136.60;-136.20;-135.80;-135.40;-135.00;-130.00;-125.00;-120.00;-115.00;-110.00;-105.00;-100.00;-95.00;-90.00;-85.00;-80.00;-75.00;-70.00;-65.00;-60.00;-55.00;-50.00;-45.00;-40.00;-35.00;-30.00;-25.00;-20.00;-15.00;-10.00;-5.00;0.00;5.00;10.00;15.00;20.00;25.00;30.00;35.00;40.00;45.00;50.00;55.00;60.00;65.00;70.00;75.00;80.00;85.00;90.00;95.00;100.00;105.00;110.00;115.00;120.00;125.00;130.00;135.00;135.40;135.80;136.20;136.60;137.00;137.40;137.80;138.20;138.60;139.00;139.40;139.80;140.20;140.60;141.00;141.40;141.80;142.20;142.60;143.00;143.40;143.80;144.20;144.60;145.00;145.40;145.80;146.20;146.60;147.00;147.40;147.80;148.20;148.60;149.00;149.40;149.80;150.20;150.60;151.00;151.40;151.80;152.20;152.60;153.00;153.40;153.80;154.20;154.60;155.00;155.40;155.80;156.20;156.60;157.00;157.40;157.80;158.20;158.60;159.00;159.40;159.80;160.00;162.40;164.80;167.20;169.60;172.00;174.40;176.80;179.20;181.60;184.00;186.40;188.80;191.20;193.60;196.00;198.40;200.00;
		REF_OVERSCAN_FACTOR=1.00
		SCAN_CURVETYPE=INPLANE_PROFILE
		SCAN_DEPTH=100.00
		SCAN_OFFAXIS_INPLANE=0.00
		SCAN_OFFAXIS_CROSSPLANE=0.00
		SCAN_ANGLE=0.00
		SCAN_DIAGONAL=NOT_DIAGONAL
		SCAN_DIRECTION=POSITIVE
		MEAS_MEDIUM=WATER
		MEAS_PRESET=TIME_PRESET
		MEAS_TIME=0.100
		MEAS_UNIT=Gy/min
		SCAN_SPEEDS=20.00; 8.00;40.00; 25.00;100.00; 40.00;400.00; 50.00;
		DELAY_TIMES=20.00; 0.000;150.00; 0.000;400.00; 0.000;
		PRESSURE=1013.25
		TEMPERATURE=20.00
		NORM_TEMPERATURE=20.00
		CORRECTION_FACTOR=1.0000
		EXPECTED_MAX_DOSE_RATE=4.00	
    BEGIN_DATA
	-11.20	5.61154514	
	-10.80	6.94489760	
	-10.40	9.95814093	
	-10.00	40.45426694	
	-9.60	67.47692991	
	-9.20	71.50858594	
	-8.80	73.60969329	
	-8.40	76.34527272	
	-8.00	76.84487919	
	-7.60	78.14058406	
	-7.20	79.80567468	
	-6.80	81.24167989	
	-6.40	82.50277841	
	-6.00	83.91898017	
	-5.60	85.39369909	
	-5.20	87.06768380	
	-4.80	88.22191560	
	-4.40	89.73631837	
	-4.00	91.24014383	
	-3.60	92.08505443	
	-3.20	93.18810038	
	-2.80	94.10958253	
	-2.40	96.06900415	
	-2.00	95.58400686	
	-1.60	96.63048061	
	-1.20	97.43672416	
	-0.80	97.80202635	
	-0.40	99.59744051	
	0.00	100.00000000	
	0.40	98.77513707	
	0.80	98.20351100	
	1.20	97.70929284	
	1.60	97.74285413	
	2.00	96.92832681	
	2.40	98.18753543	
	2.80	94.57794323	
	3.20	94.72135374	
	3.60	93.33274214	
	4.00	91.14753087	
	4.40	91.33911656	
	4.80	88.94922284	
	5.20	87.72104912	
	5.60	86.79754314	
	6.00	85.27839668	
	6.40	84.33018463	
	6.80	82.64430633	
	7.20	81.69034835	
	7.60	79.31937100	
	8.00	77.70652359	
	8.40	76.27845983	
	8.80	74.29319824	
	9.20	71.77431659	
	9.60	69.07337550	
	10.00	53.22024350	
	10.40	10.98526596	
	10.80	7.20702180	
	11.20	5.67532511	
    
		END_DATA
	END_SCAN  1
	BEGIN_SCAN  2
		TASK_NAME=tba PDD Profiles
		PROGRAM=tbaScan
		MEAS_DATE=27-Jan-2023 18:05:22
		LINAC=RAPIDARC
		MODALITY=X
		ISOCENTER=1000.00
		INPLANE_AXIS=Y
		CROSSPLANE_AXIS=X
		DEPTH_AXIS=Depth
		INPLANE_AXIS_DIR=TARGET_GUN
		CROSSPLANE_AXIS_DIR=LEFT_RIGHT
		DEPTH_AXIS_DIR=UP_DOWN
		ENERGY=6.00
		NOMINAL_DMAX=15.00
		SSD=1000.00
		SCD=450.00
		BLOCK=0
		WEDGE_ANGLE=0.00
		FIELD_INPLANE=100.00
		FIELD_CROSSPLANE=100.00
		FIELD_TYPE=RECTANGULAR
		GANTRY=0.00
		GANTRY_UPRIGHT_POSITION=0
		GANTRY_ROTATION=CW
		COLL_ANGLE=0.00
		COLL_OFFSET_INPLANE=0.00
		COLL_OFFSET_CROSSPLANE=0.00
		SCAN_DEVICE=MP3
		SCAN_DEVICE_SETUP=BARA_RIGHT_LEFT
		ELECTROMETER=TANDEM
		RANGE_FIELD=AUTO
		RANGE_REFERENCE=AUTO
		DETECTOR=THIMBLE_CHAMBER
		DETECTOR_SUBCODE=SEMIFLEX
		DETECTOR_RADIUS=2.75
		DETECTOR_NAME=PTW 31010 Semiflex
		DETECTOR_SN=0000
		DETECTOR_CALIBRATION=300000000.00
		DETECTOR_IS_CALIBRATED=0
		DETECTOR_REFERENCE=THIMBLE_CHAMBER
		DETECTOR_REFERENCE_RADIUS=3.05
		DETECTOR_REFERENCE_NAME=PTW Demo Farmer
		DETECTOR_REFERENCE_SN=Demo
		DETECTOR_REFERENCE_IS_CALIBRATED=1
		DETECTOR_REFERENCE_CALIBRATION=50000000.00
		DETECTOR_HV=400.0
		FILTER=FF
		REF_FIELD_DEPTH=0.00
		REF_FIELD_DEFINED=WATER_SURFACE
		REF_FIELD_INPLANE=300.00
		REF_FIELD_CROSSPLANE=300.00
		REF_SCAN_POSITIONS=-200.00;-198.40;-196.00;-193.60;-191.20;-188.80;-186.40;-184.00;-181.60;-179.20;-176.80;-174.40;-172.00;-169.60;-167.20;-164.80;-162.40;-160.00;-159.80;-159.40;-159.00;-158.60;-158.20;-157.80;-157.40;-157.00;-156.60;-156.20;-155.80;-155.40;-155.00;-154.60;-154.20;-153.80;-153.40;-153.00;-152.60;-152.20;-151.80;-151.40;-151.00;-150.60;-150.20;-149.80;-149.40;-149.00;-148.60;-148.20;-147.80;-147.40;-147.00;-146.60;-146.20;-145.80;-145.40;-145.00;-144.60;-144.20;-143.80;-143.40;-143.00;-142.60;-142.20;-141.80;-141.40;-141.00;-140.60;-140.20;-139.80;-139.40;-139.00;-138.60;-138.20;-137.80;-137.40;-137.00;-136.60;-136.20;-135.80;-135.40;-135.00;-130.00;-125.00;-120.00;-115.00;-110.00;-105.00;-100.00;-95.00;-90.00;-85.00;-80.00;-75.00;-70.00;-65.00;-60.00;-55.00;-50.00;-45.00;-40.00;-35.00;-30.00;-25.00;-20.00;-15.00;-10.00;-5.00;0.00;5.00;10.00;15.00;20.00;25.00;30.00;35.00;40.00;45.00;50.00;55.00;60.00;65.00;70.00;75.00;80.00;85.00;90.00;95.00;100.00;105.00;110.00;115.00;120.00;125.00;130.00;135.00;135.40;135.80;136.20;136.60;137.00;137.40;137.80;138.20;138.60;139.00;139.40;139.80;140.20;140.60;141.00;141.40;141.80;142.20;142.60;143.00;143.40;143.80;144.20;144.60;145.00;145.40;145.80;146.20;146.60;147.00;147.40;147.80;148.20;148.60;149.00;149.40;149.80;150.20;150.60;151.00;151.40;151.80;152.20;152.60;153.00;153.40;153.80;154.20;154.60;155.00;155.40;155.80;156.20;156.60;157.00;157.40;157.80;158.20;158.60;159.00;159.40;159.80;160.00;162.40;164.80;167.20;169.60;172.00;174.40;176.80;179.20;181.60;184.00;186.40;188.80;191.20;193.60;196.00;198.40;200.00;
		REF_OVERSCAN_FACTOR=1.00
		SCAN_CURVETYPE=INPLANE_PROFILE
		SCAN_DEPTH=100.00
		SCAN_OFFAXIS_INPLANE=0.00
		SCAN_OFFAXIS_CROSSPLANE=0.00
		SCAN_ANGLE=0.00
		SCAN_DIAGONAL=NOT_DIAGONAL
		SCAN_DIRECTION=POSITIVE
		MEAS_MEDIUM=WATER
		MEAS_PRESET=TIME_PRESET
		MEAS_TIME=0.100
		MEAS_UNIT=Gy/min
		SCAN_SPEEDS=20.00; 8.00;40.00; 25.00;100.00; 40.00;400.00; 50.00;
		DELAY_TIMES=20.00; 0.000;150.00; 0.000;400.00; 0.000;
		PRESSURE=1013.25
		TEMPERATURE=20.00
		NORM_TEMPERATURE=20.00
		CORRECTION_FACTOR=1.0000
		EXPECTED_MAX_DOSE_RATE=4.00
    BEGIN_DATA	
Detector ID	Y Axis Position(cm)	Set 1
	-16.40	1.55386151	
	-16.00	1.63954429	
	-15.60	1.68466560	
	-15.20	1.92258005	
	-14.80	2.08931915	
	-14.40	2.29438384	
	-14.00	2.58557504	
	-13.60	2.86113647	
	-13.20	3.24442828	
	-12.80	3.53453964	
	-12.40	3.98765240	
	-12.00	4.56173289	
	-11.60	5.29814834	
	-11.20	6.33520488	
	-10.80	8.14103606	
	-10.40	13.62686899	
	-10.00	52.76727182	
	-9.60	69.39031135	
	-9.20	73.09517752	
	-8.80	74.99132980	
	-8.40	75.86673032	
	-8.00	77.86279340	
	-7.60	80.10163698	
	-7.20	81.36808001	
	-6.80	84.36600378	
	-6.40	84.60443101	
	-6.00	85.55723543	
	-5.60	87.00907150	
	-5.20	87.68160942	
	-4.80	90.56043430	
	-4.40	91.11771637	
	-4.00	91.68144585	
	-3.60	92.48998212	
	-3.20	95.60846207	
	-2.80	94.60616114	
	-2.40	95.82959471	
	-2.00	96.25786189	
	-1.60	100.72360509	
	-1.20	99.41920034	
	-0.80	99.14218049	
	-0.40	97.74426734	
	0.00	100.00000000	
	0.40	98.82802942	
	0.80	99.49728978	
	1.20	98.88113936	
	1.60	97.56404634	
	2.00	98.23592309	
	2.40	97.41287691	
	2.80	94.31024844	
	3.20	95.83507006	
	3.60	93.43492308	
	4.00	91.58388079	
	4.40	90.52208585	
	4.80	88.82733941	
	5.20	89.02980530	
	5.60	87.28667021	
	6.00	86.16406541	
	6.40	84.66156074	
	6.80	83.03688459	
	7.20	81.99177658	
	7.60	78.62240292	
	8.00	77.33416194	
	8.40	75.97334263	
	8.80	74.09353239	
	9.20	70.98561932	
	9.60	65.06029870	
	10.00	27.29429641	
	10.40	9.56358067	
	10.80	7.13114665	
	11.20	5.70883121	
	11.60	4.93523567	
	12.00	4.30528529	
	12.40	3.81641502	
	12.80	3.42024533	
	13.20	3.09110527	
	13.60	2.79274965	
	14.00	2.46334178	
	14.40	2.28050412	
	14.80	2.13781259	
	15.20	1.94509830	
	15.60	1.71930690	
	16.00	1.63199377	
	16.40	1.44143671	

		END_DATA
	END_SCAN  2
END_SCAN_DATA
